[ 1.]
[ 1.]
[ 1.]
[ 0.99997654]
[ 1.]
[ 0.99999837]
[  1.07303104e-11]
[ 1.]
[ 0.0147527]
[ 1.]
[ 1.]
[ 1.]
[ 1.]
[ 0.99418724]
[ 1.]
[ 0.34026843]
[ 1.]
[ 1.]
[ 1.]
[ 1.]
[ 0.99999718]
[ 0.95282779]
[ 1.]
[ 0.99758545]
[ 0.97499404]
[ 0.99999956]
[ 1.]
[ 1.]
[ 1.]
[ 0.99896363]
[ 1.]
[ 1.]
[ 0.99987165]
[ 1.]
[ 1.]
[ 1.]
[ 1.]
[ 1.]
[ 1.]
[  7.92779960e-05]
[ 1.]
[ 1.]
[ 1.]
[ 0.99987983]
[ 0.99987983]
[ 1.]
[ 1.]
[ 1.]
[  9.35261387e-23]
[  9.35261387e-23]
[ 0.99999997]
[ 1.]
[  4.06031043e-25]
[ 0.85485397]
[ 1.]
[ 1.]
[ 1.]
[ 0.99960429]
[ 1.]
[  7.39442397e-11]
[ 1.]
[ 1.]
[ 1.]
[ 0.99015593]
[ 0.99976909]
[ 1.]
[ 1.]
[  1.46742633e-25]
[ 0.99961404]
[ 0.95196334]
[ 0.99999998]
[ 1.]
[ 0.999869]
[ 1.]
[ 1.]
[ 1.]
[ 0.92150581]
[ 1.]
[  1.83433944e-26]
[  1.83433944e-26]
[ 1.]
[ 1.]
[ 1.]
[  2.41861307e-08]
[ 0.99997761]
[ 1.]
[ 1.]
[ 0.99999724]
[ 1.]
[ 1.]
[ 0.02998026]
[  3.80045874e-08]
[ 1.]
[ 0.97028159]
[ 1.]
[ 1.]
[ 1.]
[ 1.]
[ 1.]
[ 1.]
[ 0.99950962]
[ 0.99999996]
[ 0.99999996]
[ 1.]
[ 1.]
[ 1.]
[ 1.]
[ 1.]
[ 1.]
[ 0.99992154]
[ 1.]
[ 1.]
[ 1.]
[ 0.99999969]
[ 1.]
[ 1.]
[ 0.9999999]
[ 1.]
[ 1.]
[ 1.]
[ 1.]
[ 1.]
[ 1.]
[ 1.]
[ 0.99999996]
[ 0.99995874]
[ 1.]
[ 0.96285643]
[ 0.96285643]
[ 1.]
[ 1.]
[ 1.]
[ 1.]
[ 1.]
[  3.65960293e-15]
[ 1.]
[ 0.81181737]
[ 0.99999994]
[ 0.57383059]
[ 0.57383059]
[ 0.57383059]
[ 0.57383059]
[ 0.57383059]
[ 0.57383059]
[ 0.57383059]
[ 1.]
[ 0.99998988]
[ 1.]
[ 1.]
[ 1.]
[ 1.]
[ 1.]
[ 1.]
[ 1.]
[ 0.99958711]
[ 1.]
[ 1.]
[ 1.]
[ 1.]
[ 1.]
[ 0.99999742]
[ 0.99999742]
[ 0.9999997]
[ 1.]
[ 1.]
[ 1.]
[ 1.]
[ 1.]
[ 0.99999933]
[ 1.]
[ 1.]
[ 1.]
[ 1.]
[ 1.]
[ 1.]
[ 1.]
[ 1.]
[ 1.]
[ 0.92547021]
[ 1.]
[ 1.]
[ 1.]
[ 1.]
[ 1.]
[ 1.]
[ 0.99999965]
[ 1.]
[ 1.]
[ 0.97764431]
[ 0.98661765]
[ 1.]
[ 0.99999981]
[ 1.]
[ 1.]
[ 1.]
[ 1.]
[  1.09890194e-10]
[ 1.]
[ 1.]
[ 1.]
[ 1.]
[ 1.]
[ 1.]
[ 1.]
[ 1.]
[  8.43860053e-14]
[ 1.]
[ 0.99914915]
[ 1.]
[ 1.]
[ 1.]
[ 0.99448]
[ 1.]
[ 1.]
[ 0.55488237]
[ 1.]
[ 1.]
[ 1.]
[ 0.99918009]
[ 0.99918009]
[ 1.]
[ 1.]
[ 1.]
[ 1.]
[ 1.]
[ 1.]
[  4.54141529e-11]
[ 1.]
[ 1.]
[ 1.]
[ 0.34210356]
[ 0.00224598]
[ 0.9981928]
[ 1.]
[ 1.]
[ 0.99997172]
[ 1.]
[ 1.]
[ 0.99951249]
[ 1.]
[ 0.99999939]
[ 0.71799673]
[ 1.]
[ 0.99225114]
[ 1.]
[ 1.]
[ 1.]
[ 1.]
[ 0.00565185]
[ 1.]
[ 1.]
[ 1.]
[ 0.99999858]
[ 1.]
[ 1.]
[ 0.5159962]
[ 1.]
[ 1.]
[ 1.]
[ 0.68183311]
[ 1.]
[ 1.]
[  2.34987872e-06]
[ 1.]
[ 1.]
[ 1.]
[ 1.]
[ 1.]
[ 1.]
[ 1.]
[ 1.]
[ 1.]
[ 0.99999676]
[ 0.53240152]
[ 1.]
[  6.09532085e-24]
[ 1.]
[ 1.]
[ 1.]
[ 1.]
[ 1.]
[ 1.]
[ 0.99994715]
[ 1.]
[ 1.]
[ 1.]
[ 1.]
[ 1.]
[ 1.]
[ 1.]
[ 1.]
[ 1.]
[ 1.]
[ 1.]
[ 1.]
[ 1.]
[ 1.]
[ 0.02853217]
[  1.01518042e-12]
[ 1.]
[ 1.]
[ 1.]
[ 1.]
[ 0.99975689]
[ 0.99999877]
[ 0.99999999]
[ 1.]
[ 1.]
[ 1.]
[ 1.]
[ 1.]
[ 0.79640223]
[ 1.]
[ 1.]
[ 1.]
[ 1.]
[ 1.]
[ 1.]
[ 1.]
[ 1.]
[ 1.]
[ 1.]
[ 1.]
[ 0.99962497]
[ 1.]
[ 0.99999929]
[  1.15289476e-52]
[  1.15289476e-52]
[  1.15289476e-52]
[  1.15289476e-52]
[ 1.]
[ 1.]
[ 0.03656544]
[ 0.03656544]
[ 1.]
[ 1.]
[ 0.99988931]
[ 1.]
[ 1.]
[ 0.99037844]
[ 1.]
[ 0.99999988]
[ 1.]
[ 1.]
[ 1.]
[  2.92873021e-05]
[ 1.]
[ 1.]
[ 1.]
[ 0.99995228]
[ 1.]
[ 1.]
[  2.12713787e-14]
[ 1.]
[ 1.]
[ 0.60849541]
[ 1.]
[ 1.]
[ 1.]
[ 0.96387538]
[ 1.]
[ 1.]
[ 1.]
[ 1.]
[ 1.]
[ 1.]
[  7.79420092e-07]
[ 0.99999986]
[ 1.]
[ 1.]
[ 1.]
[ 0.13264206]
[ 1.]
[ 1.]
[ 0.11246276]
[ 1.]
[ 1.]
[ 1.]
[ 1.]
[ 1.]
[ 0.99997842]
[ 0.65772636]
[ 1.]
[ 1.]
[ 1.]
[ 1.]
[ 1.]
[ 0.94684612]
[ 1.]
[ 0.4390701]
[ 1.]
[ 1.]
[ 1.]
[ 1.]
[ 1.]
[ 1.]
[ 1.]
[ 1.]
[ 1.]
[ 1.]
[ 1.]
